0.1651	0.8757	0.2525	0.9299	87.0400	99.8826	1.4223	5.1997	0.7505	0.6609	2.6824	14.6081	0.0406	0.0298	0.4683	1.2350		
0.1369	0.7771	0.4071	0.9461	134.2800	180.1962	0.9810	3.8522	0.7835	0.6214	2.1105	11.2392	0.0284	0.0301	0.3817	1.1570	
0.2073	0.8019	0.2978	0.9208	309.2800	369.9954	0.2743	1.8221	0.7798	0.6260	2.1067	11.5215	0.0348	0.0304	0.0641	1.0165	
0.1488	0.8891	0.2544	0.9284	261.2600	288.4302	1.4725	7.7479	0.7716	0.6361	2.5024	18.1577	0.0412	0.0292	0.5121	1.2753	
0.1300	0.9115	0.2447	0.9366	186.3200	232.2458	0.0408	1.9255	0.8054	0.5928	1.6402	9.2667	0.0391	0.0299	0.3516	1.1364	
0.1505	0.8187	0.3338	0.9331	154.1800	191.6894	0.4998	2.4944	0.7733	0.6340	2.1624	11.7816	0.0458	0.0277	0.8890	1.8088		
0.1176	0.8785	0.3301	0.9500	374.6800	426.1742	0.1182	2.1304	0.8050	0.5933	1.7480	10.5230	0.0454	0.0280	0.8359	1.7166		
0.0892	0.9014	0.3388	0.9554	91.6400	106.1069	1.3363	5.9099	0.6887	0.7252	2.9536	14.6057	0.0421	0.0299	0.5706	1.3437	
0.0895	0.7309	0.5859	0.9552	121.2200	146.5397	0.4363	2.7999	0.6036	0.7974	4.5446	29.7620	0.0406	0.0298	0.4558	1.2228	
0.0814	0.8569	0.4866	0.9593	128.4000	157.4309	0.0762	1.6631	0.6671	0.7450	4.0506	27.6691	0.0434	0.0288	0.6823	1.4819	
0.0481	0.9028	0.4600	0.9760	331.1200	361.5649	0.6790	3.0615	0.6757	0.7372	4.9800	46.0438	0.0437	0.0287	0.6869	1.4880	
0.0637	0.8605	0.4835	0.9681	309.4000	344.7552	0.7602	2.6388	0.7125	0.7017	4.5059	37.6023	0.0448	0.0286	0.7689	1.6105	
0.4388	0.9253	0.1791	0.8411	88.4200	98.5628	0.2680	2.0535	0.8016	0.5979	1.8806	10.0241	0.0384	0.0439	5.5244	61.5812	
0.2158	0.8417	0.3810	0.9113	37.0000	39.2560	1.2310	3.8161	0.8235	0.5674	1.7446	10.5262	0.0371	0.0306	0.2278	1.0669	
0.0498	0.5476	0.8897	0.9818	80.2000	102.1268	1.4490	4.2603	0.7431	0.6695	2.4854	11.9457	0.0417	0.0298	0.5352	1.3037	
0.0897	0.8535	0.6882	0.9590	97.5800	106.7744	0.4258	1.8311	0.7703	0.6377	1.9788	8.5823	0.0403	0.0299	0.4400	1.2091		
0.0385	0.6395	0.8706	0.9828	199.4000	247.7566	0.4650	2.3060	0.6923	0.7217	2.7640	13.2042	0.0375	0.0306	0.2322	1.0683	
0.0043	0.5978	0.9850	0.9978	257.1600	318.3658	0.3557	2.1970	0.7374	0.6755	2.7789	16.3872	0.0405	0.0300	0.4403	1.2094	
0.0166	0.6065	0.9550	0.9935	525.2600	599.9360	0.0096	1.8595	0.6987	0.7154	3.2605	18.8000	0.0416	0.0295	0.5261	1.2925	
0.0146	0.5602	0.9630	0.9941	593.3000	782.9085	0.7639	4.3159	0.7275	0.6861	3.1482	20.4613	0.0417	0.0295	0.5393	1.3071	
0.0158	0.6412	0.9412	0.9921	824.8600	1033.8022	0.1767	1.8146	0.7453	0.6668	2.9946	19.7703	0.0412	0.0297	0.4900	1.2555	
0.0300	0.7518	0.8533	0.9850	578.5000	821.5919	0.8434	2.6706	0.7304	0.6830	3.6734	34.5552	0.0413	0.0298	0.4965	1.2622	
0.0249	0.6371	0.9072	0.9876	471.2000	716.2242	0.9138	2.6311	0.7667	0.6420	2.5299	17.7027	0.0419	0.0296	0.5395	1.3073	
0.0201	0.5503	0.9357	0.9900	407.4200	643.2169	1.0096	3.3960	0.7727	0.6348	2.7421	25.5027	0.0414	0.0298	0.4998	1.2653	
0.0103	0.4948	0.9694	0.9948	556.2600	790.5908	0.2728	1.3165	0.7654	0.6435	2.7331	24.7155	0.0421	0.0297	0.5441	1.3121		
0.0172	0.6754	0.9300	0.9914	819.2200	980.0367	0.3239	2.6625	0.7747	0.6323	2.8492	26.7643	0.0429	0.0295	0.5966	1.3721	
0.0108	0.5312	0.9666	0.9946	471.2200	849.1126	0.7281	2.4738	0.7311	0.6823	3.0031	18.8618	0.0426	0.0295	0.5899	1.3648	
0.0323	0.6768	0.8961	0.9871	142.4000	174.4381	0.4754	1.8162	0.7041	0.7101	2.3905	10.1478	0.0435	0.0292	0.6578	1.4505	
0.0160	0.1586	0.9653	0.9920	135.0400	185.0466	0.5988	2.1304	0.6962	0.7178	3.2583	18.6729	0.0426	0.0296	0.5904	1.3660	
0.0353	0.9277	0.4796	0.9824	27.5833	27.1740	1.1985	4.5800	0.7332	0.6802	1.9780	7.4170	0.0428	0.0299	0.6302	1.4162	
0.0523	0.8671	0.5569	0.9738	85.4600	105.4665	0.7236	2.2339	0.6212	0.7837	3.7360	20.3249	0.0415	0.0306	0.5037	1.2700	
0.0493	0.8477	0.6293	0.9753	158.8800	194.4546	2.2320	12.0831	0.7114	0.7031	2.7525	13.7051	0.0384	0.0307	0.2960	1.1032	
0.0700	0.7790	0.6189	0.9650	434.2000	450.4424	0.0430	1.7772	0.7762	0.6305	2.0678	13.2765	0.0354	0.0307	0.0760	1.0175	
0.0856	0.8265	0.4286	0.9572	1008.1600	1061.1605	0.6944	2.1609	0.7845	0.6201	1.6035	7.8600	0.0330	0.0306	0.0726	1.0169	
0.0978	0.8017	0.4184	0.9511	842.5400	887.1974	0.2702	1.9946	0.7921	0.6103	1.5517	8.2095	0.0337	0.0306	0.0267	1.0124
0.0866	0.8241	0.4342	0.9567	767.2800	797.1504	0.7939	2.6277	0.7782	0.6280	1.6987	8.0182	0.0355	0.0307	0.0922	1.0211
0.0888	0.8263	0.4189	0.9556	919.9400	1109.3795	0.9877	2.8966	0.7737	0.6335	2.0747	13.8308	0.0367	0.0305	0.1749	1.0436	
0.1381	0.8925	0.3750	0.9377	119.5800	136.1344	0.5414	2.4884	0.5631	0.8265	3.7234	18.6455	0.0365	0.0304	0.1701	1.0418	
0.1962	0.9657	0.3583	0.9321	166.2200	175.5497	1.0139	6.8312	0.7562	0.6544	3.6710	23.5794	0.0334	0.0308	0.0182	1.0149	
0.1857	0.9159	0.3349	0.9279	873.5000	883.0959	0.5395	2.6969	0.7992	0.6011	1.9296	9.6939	0.0348	0.0305	0.0659	1.0173	
0.1722	0.9337	0.3895	0.9196	210.7000	318.2188	1.7052	7.3541	0.6951	0.7190	3.8681	28.2817	0.0361	0.0318	0.2672	3.3599	
0.4414	0.9435	0.1723	0.8756	321.6200	421.6321	0.5908	2.0551	0.8042	0.5943	1.2957	6.1886	0.0359	0.0350	1.2062	7.7380	
0.3415	0.9492	0.1778	0.8856	315.4200	413.6421	0.7401	2.4531	0.7738	0.6335	1.5646	6.2368	0.0370	0.0356	2.2008	25.6141		
0.2438	0.8201	0.2859	0.9060	278.1000	316.7648	0.0762	2.2458	0.7708	0.6374	1.7855	9.9162	0.0328	0.0306	0.0622	1.0170	
0.2779	0.8478	0.3000	0.8987	305.6200	418.5078	0.8178	3.7929	0.7671	0.6415	2.0693	10.9938	0.0361	0.0303	0.1718	1.0427	
0.3121	0.8275	0.2566	0.8831	367.4400	465.2120	0.4772	3.1544	0.7680	0.6405	1.9176	9.6569	0.0375	0.0302	0.2641	1.0834	
0.2436	0.8061	0.2882	0.8948	452.3800	546.4476	0.1673	2.4207	0.7491	0.6625	2.1922	11.5036	0.0359	0.0303	0.1530	1.0367	
0.2260	0.8937	0.2413	0.9069	658.8600	685.8192	0.0645	2.0493	0.7581	0.6522	2.0078	10.6948	0.0355	0.0303	0.1283	1.0290		
0.3027	0.9145	0.1494	0.8717	985.2800	1029.6128	0.3835	1.8150	0.7889	0.6146	1.7723	10.4755	0.0350	0.0304	0.0134	1.5100	
0.3770	0.9414	0.1229	0.8722	898.1200	995.5240	0.5956	3.8814	0.7950	0.6066	1.6735	8.3426	0.0347	0.0312	0.2763	3.0334	
0.4207	0.9328	0.1569	0.8850	590.5600	635.6268	0.7095	3.7790	0.7631	0.6463	1.7804	7.2725	0.0407	0.0475	6.5016	74.1270	
0.3920	0.7998	0.2326	0.8754	298.4000	326.2100	1.5961	9.9883	0.7631	0.6463	2.5699	17.8848	0.0345	0.0304	0.0727	1.0182	
0.2303	0.9300	0.4663	0.9306	144.1400	155.7820	0.3130	2.7502	0.7082	0.7061	3.0171	14.2870	0.0332	0.0311	0.2195	2.0668	
0.2547	0.9736	0.3434	0.9347	188.1800	210.7616	0.8085	3.9397	0.7308	0.6826	3.2861	20.5370	0.0336	0.0323	0.6580	4.6869	