0.3797	0.9333	0.2363	0.8885	199.3000	247.3888	0.3649	2.0159	0.7686	0.6397	2.5093	15.3743	0.0368	0.0313	0.1850	3.1637	
0.2340	0.9243	0.3847	0.9362	110.6200	133.9380	0.6276	2.4396	0.6770	0.7360	3.6553	20.7690	0.0376	0.0311	0.0728	2.7930	
0.2324	0.9322	0.3685	0.9340	134.4800	160.0628	0.3163	2.0336	0.6639	0.7479	3.7629	22.0437	0.0399	0.0306	0.1320	2.5829	
0.2149	0.9491	0.4003	0.9265	213.6600	264.7901	0.2512	1.7012	0.7461	0.6658	3.2688	22.6410	0.0399	0.0301	0.3328	1.5820	
0.1048	0.8720	0.6224	0.9583	167.4800	234.2103	0.9041	2.9157	0.7368	0.6761	2.9352	16.3955	0.0419	0.0295	0.5507	1.3195	
0.2864	0.9416	0.3415	0.9106	165.7600	262.3765	1.5616	5.0108	0.7527	0.6584	4.4813	47.3648	0.0406	0.0384	5.4792	84.6988		
0.2786	0.9404	0.3682	0.9128	204.8400	298.7260	0.6655	2.3727	0.7577	0.6527	4.2424	44.9348	0.0392	0.0350	3.7900	62.4693	
0.2313	0.9475	0.3088	0.9147	153.7600	225.4040	0.3952	1.8170	0.7840	0.6207	3.6707	36.5225	0.0401	0.0343	3.4311	58.9420	
0.1608	0.9451	0.4775	0.9433	263.8800	404.8257	0.8077	2.2873	0.7355	0.6775	3.0685	17.2843	0.0394	0.0302	0.3266	1.3665	
0.1788	0.9486	0.4082	0.9303	147.0600	212.6545	1.0262	3.1025	0.7722	0.6354	4.0935	49.8046	0.0392	0.0308	0.4540	14.7401	
0.1885	0.9420	0.4232	0.9275	171.6000	227.4689	0.5861	2.1383	0.7609	0.6489	4.2877	51.7215	0.0398	0.0314	1.1596	26.7805	
0.1553	0.9501	0.4217	0.9386	138.7600	181.4201	0.4685	1.9276	0.7472	0.6647	4.8440	69.9379	0.0408	0.0298	0.4663	1.2327	
0.1581	0.9519	0.4260	0.9355	205.5800	270.9842	0.2393	1.7477	0.7758	0.6310	3.3388	31.5119	0.0396	0.0300	0.3821	1.1606	
0.1479	0.9463	0.4620	0.9434	483.9000	1006.8830	1.0227	2.5176	0.7367	0.6763	3.6776	27.4653	0.0402	0.0300	0.3823	1.3741	
0.1424	0.9398	0.5532	0.9532	214.2200	299.8558	0.8208	2.5142	0.7451	0.6669	2.8289	14.2647	0.0395	0.0302	0.3189	1.3877	
0.1740	0.9446	0.4074	0.9334	209.6200	261.5087	0.2571	1.6627	0.8037	0.5950	2.7313	22.7048	0.0385	0.0303	0.2651	1.3185	
0.1416	0.9482	0.4120	0.9439	291.4000	460.7582	0.6298	2.5714	0.7589	0.6512	3.2619	22.8815	0.0394	0.0301	0.3590	1.1432	
0.1346	0.9328	0.4963	0.9525	206.5200	285.2531	0.6534	2.0557	0.7189	0.6952	3.1441	17.3831	0.0388	0.0303	0.3197	1.1165	
0.1666	0.9441	0.3205	0.9284	365.8600	649.7344	0.6573	1.8970	0.8003	0.5996	2.7064	24.2574	0.0382	0.0301	0.2901	1.0977	
0.1937	0.9391	0.2696	0.9205	586.0000	1228.0711	0.8504	2.1285	0.7924	0.6101	3.3328	35.7884	0.0374	0.0302	0.2364	1.0691	
0.2003	0.9400	0.2360	0.9123	281.6800	440.4415	0.5252	2.5115	0.7990	0.6013	2.5804	21.8102	0.0375	0.0302	0.2470	1.0740	
0.1918	0.9338	0.2712	0.9206	309.3400	433.5945	0.4123	1.8189	0.7638	0.6455	2.5629	16.3655	0.0375	0.0302	0.2407	1.0709	
0.1882	0.9303	0.2555	0.9109	613.8200	1039.9781	0.8242	2.5911	0.7909	0.6119	3.2372	42.8760	0.0394	0.0305	0.4015	12.8703	
0.1839	0.9286	0.2905	0.9142	698.2400	994.7977	0.1984	1.5892	0.8055	0.5927	2.1276	19.7765	0.0390	0.0313	1.1390	25.9066	
0.1229	0.8174	0.4795	0.9438	227.6600	242.0162	0.3097	2.5577	0.7732	0.6342	1.7671	7.5111	0.0377	0.0304	0.2537	1.0787	
0.4553	0.9203	0.2120	0.8866	636.7000	779.0514	1.1119	5.0232	0.8130	0.5823	1.3845	6.3669	0.0419	0.0602	8.8178	117.0037	
0.3243	0.9334	0.2562	0.8885	378.3000	664.0628	0.4122	2.5977	0.7857	0.6186	2.5665	19.3416	0.0392	0.0514	8.0094	111.6639	
0.3652	0.8997	0.3318	0.9014	554.1200	879.2367	0.0943	2.5084	0.7451	0.6670	2.8231	16.2584	0.0406	0.0568	8.0530	102.7111		
0.3010	0.9283	0.3203	0.8984	1061.5200	1644.4773	0.2903	2.2517	0.7809	0.6246	2.5939	17.0191	0.0409	0.0577	8.1288	102.7997    	
0.2769	0.9255	0.3606	0.9050	1197.9000	1764.4571	0.2369	2.3177	0.7703	0.6377	2.5773	16.2264	0.0392	0.0503	6.8746	79.9884	
0.2698	0.9223	0.3495	0.9119	1562.6000	1681.1196	0.2511	1.6512	0.7693	0.6389	2.3211	11.3371	0.0388	0.0393	5.3986	78.6978	
0.2352	0.9223	0.4148	0.9197	1134.5200	1414.8761	0.4527	1.4407	0.7482	0.6635	2.6042	13.1932	0.0392	0.0314	0.7883	17.4513	
0.2468	0.9126	0.3744	0.9111	1388.7200	1738.7337	0.7182	4.3502	0.7686	0.6398	2.3241	11.1563	0.0405	0.0333	2.0917	33.9563	
0.2571	0.9097	0.3689	0.9079	1316.8400	1668.7769	1.1819	6.2372	0.7916	0.6111	1.9829	9.4316	0.0409	0.0425	8.2794	161.0136	
0.2303	0.9013	0.3933	0.9182	692.3400	910.8762	0.0645	1.5433	0.7508	0.6605	2.5211	11.7284	0.0419	0.0392	6.8321	131.7087		
0.2351	0.9079	0.3394	0.9096	1001.2800	1265.1399	0.4437	1.5417	0.7674	0.6411	2.3755	11.2026	0.0406	0.0338	3.1816	60.0057	
0.2243	0.8924	0.3592	0.9159	854.8400	1076.5644	0.4569	1.7945	0.7654	0.6435	2.4943	12.0152	0.0407	0.0387	5.9861	114.3598	
0.0688	0.7938	0.6398	0.9660	401.8800	785.8061	1.0703	3.0309	0.6969	0.7172	3.8547	27.0562	0.0393	0.0302	0.3459	1.1334	
0.0667	0.7463	0.6755	0.9666	951.8600	1076.2489	0.0101	3.3913	0.7434	0.6688	4.2022	43.7267	0.0389	0.0303	0.3217	1.1173	
0.0850	0.8610	0.5842	0.9607	522.3400	639.8761	0.6734	3.9068	0.7188	0.6953	2.4546	11.0633	0.0403	0.0315	0.1443	3.9528	
0.1633	0.8868	0.4931	0.9328	410.2800	535.4358	0.0599	1.6293	0.7817	0.6236	2.0373	8.5810	0.0408	0.0345	3.1026	50.3930	
0.2139	0.8826	0.4126	0.9227	275.4400	374.1685	0.1117	2.2861	0.7794	0.6265	2.1600	10.2077	0.0426	0.0420	5.4188	67.3600	
0.2146	0.8895	0.3710	0.9193	172.4600	247.2623	0.4955	2.0772	0.7457	0.6663	2.3813	10.9869	0.0456	0.0455	7.4587	104.3418	
0.0188	0.8933	0.8058	0.9906	165.6600	221.6955	0.1967	2.0704	0.5840	0.8118	4.7091	34.2143	0.0452	0.0287	0.7870	1.6396	
0.0605	0.9189	0.3968	0.9697	115.6600	133.7948	0.1283	1.9112	0.7115	0.7027	3.9858	28.7041	0.0427	0.0294	0.6006	1.3782	
0.1056	0.7882	0.4492	0.9472	201.5000	228.5969	0.3050	1.7759	0.6702	0.7422	4.3313	30.6133	0.0415	0.0295	0.5318	1.2989	
0.0395	0.8344	0.7235	0.9802	50.6200	55.5510	1.2588	4.9209	0.6520	0.7584	2.7620	11.4325	0.0399	0.0304	0.4097	1.1844	
0.1317	0.6779	0.4769	0.9342	57.6800	71.4436	1.6779	5.9880	0.6867	0.7270	2.8660	14.0854	0.0374	0.0308	0.2408	1.0737	
0.0946	0.7857	0.4727	0.9527	170.5800	204.5444	0.2789	2.3480	0.7609	0.6488	2.1262	11.0334	0.0412	0.0295	0.5063	1.2716	
0.0987	0.8371	0.4362	0.9566	386.2400	420.6769	1.3949	6.0601	0.7781	0.6281	1.9447	9.8932	0.0414	0.0293	0.5278	1.2932	
0.0769	0.8395	0.5397	0.9662	413.2000	445.9602	0.1704	1.5257	0.7956	0.6058	1.6043	8.3124	0.0429	0.0289	0.6337	1.4170	
0.0746	0.8481	0.5625	0.9661	438.8800	453.0663	0.4314	1.9498	0.8020	0.5973	1.2509	5.2341	0.0430	0.0290	0.6383	1.4237	
0.0787	0.7815	0.6101	0.9629	667.3400	818.5525	1.6435	5.5144	0.7701	0.6379	1.8465	9.6630	0.0414	0.0295	0.5098	1.2751	
0.0847	0.8025	0.5757	0.9577	545.9400	657.2104	0.0212	1.6007	0.6939	0.7202	3.4677	23.1666	0.0399	0.0299	0.4038	1.1774	
0.0979	0.8773	0.3781	0.9537	1428.3000	1691.1342	0.3564	1.7987	0.7510	0.6602	2.3190	12.4245	0.0373	0.0303	0.2226	1.0623		
0.0938	0.7869	0.4799	0.9531	1322.8600	1567.0501	0.1330	2.0035	0.7843	0.6204	2.1871	17.6420	0.0381	0.0303	0.2759	1.0900	
0.1163	0.8332	0.3898	0.9459	484.6600	916.3378	1.3071	4.5992	0.6418	0.7669	7.7685	113.9475	0.0359	0.0304	0.1362	1.0317	
0.1077	0.8201	0.3929	0.9490	1907.7000	2010.4431	0.7463	2.0723	0.7386	0.6741	2.4186	12.4626	0.0343	0.0306	0.0264	1.0134	
0.1214	0.8026	0.3861	0.9428	120.6200	144.6695	0.3882	2.3477	0.6926	0.7213	4.8782	49.0933	0.0366	0.0304	0.1804	1.0457		
0.1738	0.8551	0.3410	0.9268	808.8600	1024.2438	0.0778	2.2765	0.6379	0.7702	5.1063	41.8427	0.0400	0.0356	4.2313	71.2737	
0.3582	0.9097	0.1709	0.8875	1008.0600	1281.6689	0.3195	4.1562	0.7763	0.6304	2.0954	10.6526	0.0439	0.0852	8.3903	87.5668		
0.2575	0.9043	0.2508	0.9275	450.7600	568.5751	0.1406	1.9756	0.6744	0.7384	3.9048	25.0531	0.0577	0.1257	6.2550	44.7130		
0.3223	0.9567	0.2016	0.8992	91.1000	110.0594	1.0726	4.4623	0.7349	0.6782	2.4023	11.1979	0.0365	0.0306	0.1846	1.0487		
0.4284	0.9409	0.1660	0.8583	95.1000	136.8438	2.6378	11.6147	0.8202	0.5721	1.6520	6.8216	0.0387	0.0323	0.4820	5.3110	

