0.4388	0.9253	0.1791	0.8411	88.4200	98.5628	0.2680	2.0535	0.8016	0.5979	1.8806	10.0241	0.0384	0.0439	5.5244	61.5812	
0.2158	0.8417	0.3810	0.9113	37.0000	39.2560	1.2310	3.8161	0.8235	0.5674	1.7446	10.5262	0.0371	0.0306	0.2278	1.0669	
0.0498	0.5476	0.8897	0.9818	80.2000	102.1268	1.4490	4.2603	0.7431	0.6695	2.4854	11.9457	0.0417	0.0298	0.5352	1.3037	
0.0897	0.8535	0.6882	0.9590	97.5800	106.7744	0.4258	1.8311	0.7703	0.6377	1.9788	8.5823	0.0403	0.0299	0.4400	1.2091		
0.0385	0.6395	0.8706	0.9828	199.4000	247.7566	0.4650	2.3060	0.6923	0.7217	2.7640	13.2042	0.0375	0.0306	0.2322	1.0683	
0.0043	0.5978	0.9850	0.9978	257.1600	318.3658	0.3557	2.1970	0.7374	0.6755	2.7789	16.3872	0.0405	0.0300	0.4403	1.2094	
0.0166	0.6065	0.9550	0.9935	525.2600	599.9360	0.0096	1.8595	0.6987	0.7154	3.2605	18.8000	0.0416	0.0295	0.5261	1.2925	
0.0146	0.5602	0.9630	0.9941	593.3000	782.9085	0.7639	4.3159	0.7275	0.6861	3.1482	20.4613	0.0417	0.0295	0.5393	1.3071	
0.0158	0.6412	0.9412	0.9921	824.8600	1033.8022	0.1767	1.8146	0.7453	0.6668	2.9946	19.7703	0.0412	0.0297	0.4900	1.2555	
0.0300	0.7518	0.8533	0.9850	578.5000	821.5919	0.8434	2.6706	0.7304	0.6830	3.6734	34.5552	0.0413	0.0298	0.4965	1.2622	
0.0249	0.6371	0.9072	0.9876	471.2000	716.2242	0.9138	2.6311	0.7667	0.6420	2.5299	17.7027	0.0419	0.0296	0.5395	1.3073	
0.0201	0.5503	0.9357	0.9900	407.4200	643.2169	1.0096	3.3960	0.7727	0.6348	2.7421	25.5027	0.0414	0.0298	0.4998	1.2653	
0.0103	0.4948	0.9694	0.9948	556.2600	790.5908	0.2728	1.3165	0.7654	0.6435	2.7331	24.7155	0.0421	0.0297	0.5441	1.3121		
0.0172	0.6754	0.9300	0.9914	819.2200	980.0367	0.3239	2.6625	0.7747	0.6323	2.8492	26.7643	0.0429	0.0295	0.5966	1.3721	
0.0108	0.5312	0.9666	0.9946	471.2200	849.1126	0.7281	2.4738	0.7311	0.6823	3.0031	18.8618	0.0426	0.0295	0.5899	1.3648	
0.0323	0.6768	0.8961	0.9871	142.4000	174.4381	0.4754	1.8162	0.7041	0.7101	2.3905	10.1478	0.0435	0.0292	0.6578	1.4505	
0.0160	0.1586	0.9653	0.9920	135.0400	185.0466	0.5988	2.1304	0.6962	0.7178	3.2583	18.6729	0.0426	0.0296	0.5904	1.3660	
0.0353	0.9277	0.4796	0.9824	27.5833	27.1740	1.1985	4.5800	0.7332	0.6802	1.9780	7.4170	0.0428	0.0299	0.6302	1.4162	
