0.2796	0.8205	0.3833	0.9111	1093.8600	1368.6333	0.3753	2.3881	0.7486	0.6630	2.2725	10.9718	0.0401	0.0445	6.2799	76.8960	
0.2807	0.8227	0.3816	0.9108	1075.5000	1362.3596	0.3627	2.3522	0.7485	0.6631	2.2984	11.2658	0.0402	0.0451	6.3446	76.5665	
0.5761	0.6804	0.2612	0.8437	87.8400	131.8478	1.7436	6.6449	0.6728	0.7399	3.0801	15.4271	0.0407	0.0601	6.3083	56.1242	
0.2754	0.7785	0.3372	0.9136	979.1000	1273.4522	1.0275	2.3292	0.7183	0.6958	2.6598	16.4188	0.0403	0.0452	6.2203	73.5010	
0.2883	0.7419	0.3326	0.9125	916.8200	1232.2419	0.0433	1.5871	0.7150	0.6991	2.5352	12.7805	0.0407	0.0453	6.3733	76.6242	
0.2756	0.7406	0.3397	0.9153	849.6200	1175.7494	1.3481	6.0406	0.7094	0.7048	2.6546	14.1703	0.0406	0.0455	6.3819	76.4717	
0.2644	0.7164	0.3403	0.9154	814.7000	1141.6694	2.1633	12.2316	0.7009	0.7133	2.9649	17.7751	0.0394	0.0368	4.5829	70.6558
0.2395	0.7167	0.3418	0.9152	772.1600	1094.2788	0.8215	2.8777	0.6840	0.7295	3.3350	21.8638	0.0396	0.0352	3.9319	64.3973	
0.1826	0.7247	0.3520	0.9211	874.8400	1272.0820	1.6813	7.4972	0.6960	0.7180	3.3649	24.3463	0.0382	0.0302	0.2971	1.1023		
0.1548	0.7536	0.3700	0.9312	908.3400	1450.3704	0.8494	2.5265	0.6856	0.7280	3.8590	31.7900	0.0384	0.0301	0.3127	1.1118	
0.1667	0.7513	0.3684	0.9296	800.1200	1418.9601	1.6582	6.7528	0.6578	0.7532	4.3795	35.5112	0.0383	0.0327	2.1849	40.7607	
0.1434	0.7915	0.3714	0.9379	807.6200	1218.8100	0.4177	1.8588	0.6825	0.7309	3.9901	29.9197	0.0382	0.0301	0.2920	1.0987	
0.1351	0.7749	0.3799	0.9370	491.9200	764.5628	1.2994	3.9047	0.6853	0.7283	4.1243	32.7594	0.0387	0.0301	0.3287	1.1220	
0.1434	0.7708	0.3722	0.9320	450.4600	769.8310	0.7192	2.1361	0.6800	0.7332	3.8109	28.9053	0.0370	0.0303	0.2126	1.0585	
0.1494	0.7875	0.3557	0.9286	569.5400	839.2760	0.5731	1.8122	0.6856	0.7280	3.5853	25.9256	0.0360	0.0304	0.1476	1.0346	
0.1400	0.8061	0.3605	0.9312	681.8000	827.9828	0.0280	1.8484	0.6924	0.7215	3.7428	30.2955	0.0382	0.0301	0.2921	1.0989	
0.1468	0.8003	0.3542	0.9266	585.4000	651.1192	0.1438	1.9507	0.6937	0.7202	4.0784	36.7221	0.0384	0.0302	0.3062	1.1077	
0.1443	0.7958	0.3804	0.9290	447.1200	475.2636	0.0842	1.9780	0.6827	0.7307	3.7940	31.3591	0.0391	0.0300	0.3546	1.1399	
0.1325	0.7479	0.4070	0.9377	431.2800	518.7272	1.1747	4.3780	0.6575	0.7534	5.1596	46.7814	0.0383	0.0303	0.2936	1.1002	
0.1194	0.7424	0.4480	0.9403	499.8400	566.2423	0.2972	2.5111	0.6330	0.7742	6.2343	63.5606	0.0376	0.0304	0.2446	1.0741	
0.1236	0.7213	0.4480	0.9382	219.4600	251.6836	0.3872	2.0985	0.5543	0.8324	5.8601	46.8217	0.0392	0.0303	0.3499	1.1372	
0.0899	0.7604	0.5432	0.9551	108.9600	127.7448	0.4045	2.1496	0.5512	0.8344	4.4803	27.2103	0.0378	0.0304	0.2607	1.0821	
0.1714	0.6871	0.3660	0.9143	35.8913	34.1514	0.7847	2.7528	0.7398	0.6730	1.9963	6.9361	0.0432	0.0299	0.6729	1.4720	
0.3619	0.7703	0.1829	0.8571	32.7000	32.7306	0.6300	2.2208	0.7738	0.6336	1.6784	6.7410	0.0362	0.0308	0.1885	1.0508	
