0.2831	0.7982	0.4533	0.8920	137.3600	205.3519	2.2769	11.0913	0.7279	0.6857	2.8669	15.0583	0.0383	0.0373	4.7296	71.3564	
0.2609	0.8451	0.3564	0.9038	169.8800	292.9088	1.7564	5.9799	0.7486	0.6631	3.0182	18.4681	0.0365	0.0394	6.2921	110.4989		
0.1962	0.9657	0.3583	0.9321	166.2200	175.5497	1.0139	6.8312	0.7562	0.6544	3.6710	23.5794	0.0334	0.0308	0.0182	1.0149	
0.1857	0.9159	0.3349	0.9279	873.5000	883.0959	0.5395	2.6969	0.7992	0.6011	1.9296	9.6939	0.0348	0.0305	0.0659	1.0173	
0.1722	0.9337	0.3895	0.9196	210.7000	318.2188	1.7052	7.3541	0.6951	0.7190	3.8681	28.2817	0.0361	0.0318	0.2672	3.3599	
0.6807	0.9024	0.1744	0.8895	306.2800	350.1101	0.1457	1.8366	0.7561	0.6545	2.6678	16.9167	0.0352	0.0449	5.0164	51.6537	
0.6799	0.9053	0.2096	0.8989	387.4400	408.0471	0.2653	1.9236	0.8107	0.5854	1.3958	6.5831	0.0383	0.0503	4.7318	42.7483	
0.5240	0.9273	0.1905	0.8996	429.7800	454.1762	0.0671	1.6872	0.8096	0.5870	1.2006	4.7819	0.0358	0.0386	3.3026	36.2576	
0.5570	0.9265	0.1847	0.8855	508.5400	569.0656	0.3720	1.7046	0.8268	0.5625	1.0113	4.7783	0.0354	0.0391	2.8408	28.6084	
0.5153	0.9421	0.2162	0.9059	837.7600	896.6453	0.2878	1.4985	0.8324	0.5542	0.9038	4.0537	0.0357	0.0375	2.1377	18.1932		
0.4414	0.9435	0.1723	0.8756	321.6200	421.6321	0.5908	2.0551	0.8042	0.5943	1.2957	6.1886	0.0359	0.0350	1.2062	7.7380	
0.3415	0.9492	0.1778	0.8856	315.4200	413.6421	0.7401	2.4531	0.7738	0.6335	1.5646	6.2368	0.0370	0.0356	2.2008	25.6141		
0.2438	0.8201	0.2859	0.9060	278.1000	316.7648	0.0762	2.2458	0.7708	0.6374	1.7855	9.9162	0.0328	0.0306	0.0622	1.0170	
0.2779	0.8478	0.3000	0.8987	305.6200	418.5078	0.8178	3.7929	0.7671	0.6415	2.0693	10.9938	0.0361	0.0303	0.1718	1.0427	
0.3121	0.8275	0.2566	0.8831	367.4400	465.2120	0.4772	3.1544	0.7680	0.6405	1.9176	9.6569	0.0375	0.0302	0.2641	1.0834	
0.2436	0.8061	0.2882	0.8948	452.3800	546.4476	0.1673	2.4207	0.7491	0.6625	2.1922	11.5036	0.0359	0.0303	0.1530	1.0367	
0.2260	0.8937	0.2413	0.9069	658.8600	685.8192	0.0645	2.0493	0.7581	0.6522	2.0078	10.6948	0.0355	0.0303	0.1283	1.0290		
0.3027	0.9145	0.1494	0.8717	985.2800	1029.6128	0.3835	1.8150	0.7889	0.6146	1.7723	10.4755	0.0350	0.0304	0.0134	1.5100	
0.3770	0.9414	0.1229	0.8722	898.1200	995.5240	0.5956	3.8814	0.7950	0.6066	1.6735	8.3426	0.0347	0.0312	0.2763	3.0334	
0.4207	0.9328	0.1569	0.8850	590.5600	635.6268	0.7095	3.7790	0.7631	0.6463	1.7804	7.2725	0.0407	0.0475	6.5016	74.1270	
0.3920	0.7998	0.2326	0.8754	298.4000	326.2100	1.5961	9.9883	0.7631	0.6463	2.5699	17.8848	0.0345	0.0304	0.0727	1.0182	
0.2303	0.9300	0.4663	0.9306	144.1400	155.7820	0.3130	2.7502	0.7082	0.7061	3.0171	14.2870	0.0332	0.0311	0.2195	2.0668	
0.2547	0.9736	0.3434	0.9347	188.1800	210.7616	0.8085	3.9397	0.7308	0.6826	3.2861	20.5370	0.0336	0.0323	0.6580	4.6869	
0.2466	0.9777	0.1701	0.9078	321.3200	397.1897	0.3590	2.5991	0.7359	0.6771	3.7776	27.4407	0.0401	0.0506	6.3911	68.2153	
0.3062	0.9620	0.1223	0.8965	132.7000	150.2447	0.8729	3.3344	0.7470	0.6650	2.5309	12.3913	0.0715	0.1599	4.9839	28.0194	
0.2121	0.9161	0.2709	0.9113	376.3200	561.1131	0.4950	2.1694	0.7993	0.6010	1.4707	7.1375	0.0371	0.0454	6.8056	89.4526	
0.3198	0.9119	0.2273	0.8833	478.1400	614.6473	0.1656	2.1193	0.7895	0.6138	1.7862	8.0068	0.0372	0.0662	9.1440	117.2685	
0.3485	0.9143	0.1913	0.8849	315.2600	390.0881	0.2225	2.4503	0.7764	0.6303	1.8269	7.6753	0.0341	0.0435	6.2983	89.2551	
