0.1651	0.8757	0.2525	0.9299	87.0400	99.8826	1.4223	5.1997	0.7505	0.6609	2.6824	14.6081	0.0406	0.0298	0.4683	1.2350		
0.1369	0.7771	0.4071	0.9461	134.2800	180.1962	0.9810	3.8522	0.7835	0.6214	2.1105	11.2392	0.0284	0.0301	0.3817	1.1570	
0.2073	0.8019	0.2978	0.9208	309.2800	369.9954	0.2743	1.8221	0.7798	0.6260	2.1067	11.5215	0.0348	0.0304	0.0641	1.0165	
0.1488	0.8891	0.2544	0.9284	261.2600	288.4302	1.4725	7.7479	0.7716	0.6361	2.5024	18.1577	0.0412	0.0292	0.5121	1.2753	
0.1300	0.9115	0.2447	0.9366	186.3200	232.2458	0.0408	1.9255	0.8054	0.5928	1.6402	9.2667	0.0391	0.0299	0.3516	1.1364	
0.1505	0.8187	0.3338	0.9331	154.1800	191.6894	0.4998	2.4944	0.7733	0.6340	2.1624	11.7816	0.0458	0.0277	0.8890	1.8088		
0.1176	0.8785	0.3301	0.9500	374.6800	426.1742	0.1182	2.1304	0.8050	0.5933	1.7480	10.5230	0.0454	0.0280	0.8359	1.7166		
0.0892	0.9014	0.3388	0.9554	91.6400	106.1069	1.3363	5.9099	0.6887	0.7252	2.9536	14.6057	0.0421	0.0299	0.5706	1.3437	
0.0895	0.7309	0.5859	0.9552	121.2200	146.5397	0.4363	2.7999	0.6036	0.7974	4.5446	29.7620	0.0406	0.0298	0.4558	1.2228	
0.0814	0.8569	0.4866	0.9593	128.4000	157.4309	0.0762	1.6631	0.6671	0.7450	4.0506	27.6691	0.0434	0.0288	0.6823	1.4819	
0.0481	0.9028	0.4600	0.9760	331.1200	361.5649	0.6790	3.0615	0.6757	0.7372	4.9800	46.0438	0.0437	0.0287	0.6869	1.4880	
0.0637	0.8605	0.4835	0.9681	309.4000	344.7552	0.7602	2.6388	0.7125	0.7017	4.5059	37.6023	0.0448	0.0286	0.7689	1.6105	
