0.0395	0.8344	0.7235	0.9802	50.6200	55.5510	1.2588	4.9209	0.6520	0.7584	2.7620	11.4325	0.0399	0.0304	0.4097	1.1844	
0.1317	0.6779	0.4769	0.9342	57.6800	71.4436	1.6779	5.9880	0.6867	0.7270	2.8660	14.0854	0.0374	0.0308	0.2408	1.0737	
0.0946	0.7857	0.4727	0.9527	170.5800	204.5444	0.2789	2.3480	0.7609	0.6488	2.1262	11.0334	0.0412	0.0295	0.5063	1.2716	
0.0987	0.8371	0.4362	0.9566	386.2400	420.6769	1.3949	6.0601	0.7781	0.6281	1.9447	9.8932	0.0414	0.0293	0.5278	1.2932	
0.0769	0.8395	0.5397	0.9662	413.2000	445.9602	0.1704	1.5257	0.7956	0.6058	1.6043	8.3124	0.0429	0.0289	0.6337	1.4170	
0.0746	0.8481	0.5625	0.9661	438.8800	453.0663	0.4314	1.9498	0.8020	0.5973	1.2509	5.2341	0.0430	0.0290	0.6383	1.4237	
0.0787	0.7815	0.6101	0.9629	667.3400	818.5525	1.6435	5.5144	0.7701	0.6379	1.8465	9.6630	0.0414	0.0295	0.5098	1.2751	
0.0847	0.8025	0.5757	0.9577	545.9400	657.2104	0.0212	1.6007	0.6939	0.7202	3.4677	23.1666	0.0399	0.0299	0.4038	1.1774	
0.0979	0.8773	0.3781	0.9537	1428.3000	1691.1342	0.3564	1.7987	0.7510	0.6602	2.3190	12.4245	0.0373	0.0303	0.2226	1.0623		
0.0938	0.7869	0.4799	0.9531	1322.8600	1567.0501	0.1330	2.0035	0.7843	0.6204	2.1871	17.6420	0.0381	0.0303	0.2759	1.0900	
0.1163	0.8332	0.3898	0.9459	484.6600	916.3378	1.3071	4.5992	0.6418	0.7669	7.7685	113.9475	0.0359	0.0304	0.1362	1.0317	
0.1077	0.8201	0.3929	0.9490	1907.7000	2010.4431	0.7463	2.0723	0.7386	0.6741	2.4186	12.4626	0.0343	0.0306	0.0264	1.0134	
0.1214	0.8026	0.3861	0.9428	120.6200	144.6695	0.3882	2.3477	0.6926	0.7213	4.8782	49.0933	0.0366	0.0304	0.1804	1.0457		
0.1738	0.8551	0.3410	0.9268	808.8600	1024.2438	0.0778	2.2765	0.6379	0.7702	5.1063	41.8427	0.0400	0.0356	4.2313	71.2737	
0.3582	0.9097	0.1709	0.8875	1008.0600	1281.6689	0.3195	4.1562	0.7763	0.6304	2.0954	10.6526	0.0439	0.0852	8.3903	87.5668		
0.2575	0.9043	0.2508	0.9275	450.7600	568.5751	0.1406	1.9756	0.6744	0.7384	3.9048	25.0531	0.0577	0.1257	6.2550	44.7130		
0.3223	0.9567	0.2016	0.8992	91.1000	110.0594	1.0726	4.4623	0.7349	0.6782	2.4023	11.1979	0.0365	0.0306	0.1846	1.0487		
0.4284	0.9409	0.1660	0.8583	95.1000	136.8438	2.6378	11.6147	0.8202	0.5721	1.6520	6.8216	0.0387	0.0323	0.4820	5.3110	
