0.4553	0.9203	0.2120	0.8866	636.7000	779.0514	1.1119	5.0232	0.8130	0.5823	1.3845	6.3669	0.0419	0.0602	8.8178	117.0037	
0.3243	0.9334	0.2562	0.8885	378.3000	664.0628	0.4122	2.5977	0.7857	0.6186	2.5665	19.3416	0.0392	0.0514	8.0094	111.6639	
0.3652	0.8997	0.3318	0.9014	554.1200	879.2367	0.0943	2.5084	0.7451	0.6670	2.8231	16.2584	0.0406	0.0568	8.0530	102.7111		
0.3010	0.9283	0.3203	0.8984	1061.5200	1644.4773	0.2903	2.2517	0.7809	0.6246	2.5939	17.0191	0.0409	0.0577	8.1288	102.7997    	
0.2769	0.9255	0.3606	0.9050	1197.9000	1764.4571	0.2369	2.3177	0.7703	0.6377	2.5773	16.2264	0.0392	0.0503	6.8746	79.9884	
0.2698	0.9223	0.3495	0.9119	1562.6000	1681.1196	0.2511	1.6512	0.7693	0.6389	2.3211	11.3371	0.0388	0.0393	5.3986	78.6978	
0.2352	0.9223	0.4148	0.9197	1134.5200	1414.8761	0.4527	1.4407	0.7482	0.6635	2.6042	13.1932	0.0392	0.0314	0.7883	17.4513	
0.2468	0.9126	0.3744	0.9111	1388.7200	1738.7337	0.7182	4.3502	0.7686	0.6398	2.3241	11.1563	0.0405	0.0333	2.0917	33.9563	
0.2571	0.9097	0.3689	0.9079	1316.8400	1668.7769	1.1819	6.2372	0.7916	0.6111	1.9829	9.4316	0.0409	0.0425	8.2794	161.0136	
0.2303	0.9013	0.3933	0.9182	692.3400	910.8762	0.0645	1.5433	0.7508	0.6605	2.5211	11.7284	0.0419	0.0392	6.8321	131.7087		
0.2351	0.9079	0.3394	0.9096	1001.2800	1265.1399	0.4437	1.5417	0.7674	0.6411	2.3755	11.2026	0.0406	0.0338	3.1816	60.0057	
0.2243	0.8924	0.3592	0.9159	854.8400	1076.5644	0.4569	1.7945	0.7654	0.6435	2.4943	12.0152	0.0407	0.0387	5.9861	114.3598	
0.0688	0.7938	0.6398	0.9660	401.8800	785.8061	1.0703	3.0309	0.6969	0.7172	3.8547	27.0562	0.0393	0.0302	0.3459	1.1334	
0.0667	0.7463	0.6755	0.9666	951.8600	1076.2489	0.0101	3.3913	0.7434	0.6688	4.2022	43.7267	0.0389	0.0303	0.3217	1.1173	
0.0850	0.8610	0.5842	0.9607	522.3400	639.8761	0.6734	3.9068	0.7188	0.6953	2.4546	11.0633	0.0403	0.0315	0.1443	3.9528	
0.1633	0.8868	0.4931	0.9328	410.2800	535.4358	0.0599	1.6293	0.7817	0.6236	2.0373	8.5810	0.0408	0.0345	3.1026	50.3930	
0.2139	0.8826	0.4126	0.9227	275.4400	374.1685	0.1117	2.2861	0.7794	0.6265	2.1600	10.2077	0.0426	0.0420	5.4188	67.3600	
0.2146	0.8895	0.3710	0.9193	172.4600	247.2623	0.4955	2.0772	0.7457	0.6663	2.3813	10.9869	0.0456	0.0455	7.4587	104.3418	
0.0188	0.8933	0.8058	0.9906	165.6600	221.6955	0.1967	2.0704	0.5840	0.8118	4.7091	34.2143	0.0452	0.0287	0.7870	1.6396	
0.0605	0.9189	0.3968	0.9697	115.6600	133.7948	0.1283	1.9112	0.7115	0.7027	3.9858	28.7041	0.0427	0.0294	0.6006	1.3782	
0.1056	0.7882	0.4492	0.9472	201.5000	228.5969	0.3050	1.7759	0.6702	0.7422	4.3313	30.6133	0.0415	0.0295	0.5318	1.2989	
