0.6925	0.4020	0.9595	0.9867	60.9733	69.5443	0.0593	2.0851	0.0000	1.0001	2.1244	9.7863	0.6531	0.3564	0.8282	2.0259	
0.3165	0.8941	0.8910	0.9779	66.7600	73.8005	0.0945	1.9851	0.0000	1.0000	4.6005	44.8782	0.7803	0.2432	2.1331	8.6046	
0.4271	0.7873	0.9425	0.9828	57.0533	61.2266	0.0161	1.9314	0.0000	1.0003	2.4141	10.7404	0.5664	0.3862	0.3147	1.3335	
0.4605	0.4927	0.9711	0.9907	71.2267	71.3824	0.0346	2.0208	0.0000	1.0000	3.4211	24.9373	0.7042	0.3034	1.1898	3.4888	
0.0166	0.4845	0.9922	0.9979	70.0667	74.3509	0.1682	1.8313	0.0000	1.0005	0.9885	4.2813	0.6512	0.3428	0.7880	2.2130	
0.0138	0.6033	0.9933	0.9982	77.1867	80.8652	0.0208	1.8846	0.0000	1.0007	1.5874	6.7672	0.6771	0.3215	0.9778	2.8402	
0.1439	0.7006	0.9732	0.9918	73.6267	79.4431	0.0137	1.5420	0.0000	1.0003	1.9229	8.8666	0.6693	0.3188	0.9905	3.0395		
0.3055	0.8127	0.9573	0.9872	69.8667	71.6309	0.1068	1.5877	0.0000	1.0001	2.2836	10.3462	0.5775	0.3710	0.3871	1.5496	
0.4168	0.4407	0.9752	0.9919	77.0533	81.7425	0.1921	1.6129	0.0000	1.0004	0.6794	4.3734	0.5169	0.3807	0.0747	1.3547	
0.4205	0.6206	0.9660	0.9893	82.5333	100.2881	0.0901	1.6023	0.0000	1.0000	2.8919	17.7030	0.4946	0.3822	0.0116	1.3761	
2.0737	0.7559	0.5187	0.8986	58.9200	89.1920	0.7175	4.9385	0.0000	1.0000	2.4152	13.2893	0.5678	0.3838	0.2748	1.4959	
2.3631	0.3930	0.4995	0.8190	63.7600	100.0747	0.4464	2.9650	0.0000	1.0000	2.9519	19.8260	0.5472	0.3820	0.2136	1.4431		
0.1774	0.9119	0.6652	0.9425	96.9200	143.2737	0.0854	2.8636	0.0000	1.0000	1.7261	8.0592	0.2287	0.3006	1.8091	5.0840	
3.6973	0.7456	0.3061	0.7717	88.3200	133.8814	0.7078	2.7546	0.0000	1.0001	1.5940	6.7429	0.6085	0.4168	0.5437	1.3490	
0.3734	0.9136	0.7573	0.9489	103.7467	151.9965	0.7756	3.2653	0.0000	1.0000	1.8091	8.5047	0.6462	0.3700	0.8189	2.2132	
0.2174	0.9530	0.8716	0.9670	100.0667	139.2313	0.0169	1.3574	0.0000	1.0001	1.5330	6.2617	0.7304	0.3311	1.4233	3.3436	
0.4900	0.9425	0.5503	0.9065	98.8533	131.5179	0.0444	1.6083	0.0000	1.0000	2.3852	12.0812	0.5478	0.3832	0.2342	1.3362	
0.8593	0.9199	0.5053	0.8939	96.0533	129.7477	0.2024	1.7074	0.0000	1.0000	2.5986	14.0518	0.6945	0.3498	1.0542	2.4519	
0.6790	0.9536	0.2797	0.8766	96.7733	128.9982	0.0827	1.4573	0.0000	1.0000	2.9152	16.8610	0.5952	0.3920	0.4229	1.4278	
1.4577	0.8048	0.5768	0.9109	95.2400	134.6556	0.8603	3.1141	0.0000	1.0000	2.4517	13.1347	0.5212	0.3668	0.0858	1.4604	
2.7025	0.5664	0.7476	0.9195	75.2800	120.2474	0.0296	1.5867	0.0000	1.0018	0.6680	2.3550	0.5685	0.3862	0.3208	1.5071	
0.7017	0.7304	0.8808	0.9685	71.1867	115.1652	0.4908	2.4086	0.0000	1.0000	4.5037	46.3078	0.5839	0.3438	0.3992	2.1162	
0.6094	0.9347	0.7381	0.9702	73.6667	109.8590	0.2867	1.6040	0.0000	1.0002	2.3349	10.6003	0.5749	0.3411	0.2934	2.4452	
0.6317	0.9380	0.6287	0.9461	107.4400	133.7403	0.0372	1.5892	0.0000	1.0000	3.4713	25.3400	0.5386	0.3319	0.2271	3.3139	
0.4346	0.9600	0.5951	0.9487	97.2533	108.9380	0.0488	2.4595	0.0000	1.0000	3.5141	25.3670	0.5390	0.3379	0.1796	2.8654		
0.0321	0.9498	0.9604	0.9938	62.8533	87.6493	0.5056	2.1097	0.0000	1.0001	1.9288	7.7217	0.5064	0.3290	0.1387	2.4126	
0.0530	0.9827	0.8232	0.9811	92.0267	108.4091	0.1857	1.6422	0.0000	1.0000	2.9554	16.7369	0.5651	0.3118	0.5030	3.3475	
0.0618	0.9848	0.7436	0.9743	80.9467	91.9638	0.4833	2.1767	0.0000	1.0000	3.2316	21.2561	0.5331	0.3167	0.4240	2.9624	
0.1164	0.9342	0.8304	0.9696	101.5600	115.5083	0.0892	1.4767	0.0000	1.0000	2.6476	15.8770	0.5083	0.3246	0.0801	3.0439	
0.1094	0.9110	0.7988	0.9711	118.2933	140.4861	0.2013	1.6268	0.0000	1.0000	2.9872	21.3919	0.5646	0.2870	0.4534	4.5373	