0.1826	0.7247	0.3520	0.9211	874.8400	1272.0820	1.6813	7.4972	0.6960	0.7180	3.3649	24.3463	0.0382	0.0302	0.2971	1.1023		
0.1548	0.7536	0.3700	0.9312	908.3400	1450.3704	0.8494	2.5265	0.6856	0.7280	3.8590	31.7900	0.0384	0.0301	0.3127	1.1118	
0.1434	0.7915	0.3714	0.9379	807.6200	1218.8100	0.4177	1.8588	0.6825	0.7309	3.9901	29.9197	0.0382	0.0301	0.2920	1.0987	
0.1351	0.7749	0.3799	0.9370	491.9200	764.5628	1.2994	3.9047	0.6853	0.7283	4.1243	32.7594	0.0387	0.0301	0.3287	1.1220	
0.1434	0.7708	0.3722	0.9320	450.4600	769.8310	0.7192	2.1361	0.6800	0.7332	3.8109	28.9053	0.0370	0.0303	0.2126	1.0585	
0.1494	0.7875	0.3557	0.9286	569.5400	839.2760	0.5731	1.8122	0.6856	0.7280	3.5853	25.9256	0.0360	0.0304	0.1476	1.0346	
0.1400	0.8061	0.3605	0.9312	681.8000	827.9828	0.0280	1.8484	0.6924	0.7215	3.7428	30.2955	0.0382	0.0301	0.2921	1.0989	
0.1468	0.8003	0.3542	0.9266	585.4000	651.1192	0.1438	1.9507	0.6937	0.7202	4.0784	36.7221	0.0384	0.0302	0.3062	1.1077	
0.1443	0.7958	0.3804	0.9290	447.1200	475.2636	0.0842	1.9780	0.6827	0.7307	3.7940	31.3591	0.0391	0.0300	0.3546	1.1399	
0.1325	0.7479	0.4070	0.9377	431.2800	518.7272	1.1747	4.3780	0.6575	0.7534	5.1596	46.7814	0.0383	0.0303	0.2936	1.1002	
0.1194	0.7424	0.4480	0.9403	499.8400	566.2423	0.2972	2.5111	0.6330	0.7742	6.2343	63.5606	0.0376	0.0304	0.2446	1.0741	
0.1236	0.7213	0.4480	0.9382	219.4600	251.6836	0.3872	2.0985	0.5543	0.8324	5.8601	46.8217	0.0392	0.0303	0.3499	1.1372	
0.0899	0.7604	0.5432	0.9551	108.9600	127.7448	0.4045	2.1496	0.5512	0.8344	4.4803	27.2103	0.0378	0.0304	0.2607	1.0821	
0.1714	0.6871	0.3660	0.9143	35.8913	34.1514	0.7847	2.7528	0.7398	0.6730	1.9963	6.9361	0.0432	0.0299	0.6729	1.4720	
0.3619	0.7703	0.1829	0.8571	32.7000	32.7306	0.6300	2.2208	0.7738	0.6336	1.6784	6.7410	0.0362	0.0308	0.1885	1.0508	
0.0922	0.6757	0.6320	0.9539	238.0600	285.2920	0.0252	1.7441	0.5048	0.8633	6.0727	47.2349	0.0368	0.0306	0.1922	1.0510	
0.1023	0.6993	0.5678	0.9488	300.2000	344.5685	0.0143	2.0692	0.5229	0.8524	6.4154	54.4061	0.0364	0.0306	0.1610	1.0392	
0.1517	0.6429	0.4464	0.9241	224.8800	273.7571	0.6165	3.8435	0.5182	0.8553	5.8067	44.2016	0.0361	0.0307	0.1463	1.0355	
0.1518	0.7885	0.3933	0.9312	447.2200	913.2215	1.8296	7.1517	0.5949	0.8038	5.2267	44.3581	0.0371	0.0304	0.2214	1.0628	
0.1615	0.7738	0.4001	0.9276	452.0200	965.6172	1.0144	2.7987	0.6054	0.7959	4.8345	40.7581	0.0360	0.0305	0.1460	1.0349	
0.1785	0.8132	0.4342	0.9305	619.6200	1135.0221	1.0454	2.8672	0.6129	0.7902	3.8894	22.8635	0.0380	0.0306	0.1486	1.7906	
0.1704	0.8014	0.4139	0.9315	677.6200	1171.0036	1.1506	3.0044	0.6006	0.7995	4.2467	27.0709	0.0380	0.0306	0.1595	1.7518	
0.2066	0.7591	0.3888	0.9177	726.4400	1145.7489	1.6751	5.0330	0.6424	0.7663	3.8153	24.1244	0.0383	0.0306	0.1446	1.9400	
0.2065	0.7671	0.3788	0.9148	932.3800	1412.1672	0.8155	3.1062	0.6403	0.7682	3.6183	21.9701	0.0381	0.0307	0.1361	1.8852	
0.2089	0.7636	0.3808	0.9157	929.7600	1412.8217	0.8129	2.4548	0.6535	0.7569	3.6527	22.9553	0.0380	0.0303	0.2812	1.0936	
0.1679	0.7730	0.4011	0.9258	908.3600	1342.4324	0.9688	2.4098	0.6594	0.7519	4.0716	27.8620	0.0373	0.0304	0.2329	1.0685	
0.1562	0.7259	0.4201	0.9297	955.5800	1598.8130	1.2616	4.2886	0.6985	0.7157	4.3280	41.3728	0.0367	0.0304	0.1957	1.0522	
0.1892	0.8467	0.3703	0.9216	425.5800	900.2395	1.6329	5.8096	0.6806	0.7327	2.9179	14.4849	0.0371	0.0304	0.2156	1.0602	
0.2275	0.8455	0.3459	0.9147	757.2600	1442.1647	0.4026	1.9250	0.6854	0.7282	2.8745	14.0660	0.0372	0.0348	3.4752	56.0736	
0.2469	0.8424	0.3007	0.9158	1249.3600	1621.1671	0.4652	3.5398	0.6892	0.7246	2.7504	13.8141	0.0372	0.0333	2.3791	39.3577	
0.2563	0.7797	0.3108	0.9087	915.1400	1402.1427	0.8570	3.7531	0.7056	0.7086	2.8579	16.6427	0.0349	0.0305	0.0785	1.0197	
0.2549	0.8616	0.2816	0.9011	501.1000	980.4525	0.6203	1.7875	0.7100	0.7042	2.8584	14.0587	0.0367	0.0315	0.9299	17.7072	
0.0050	0.6225	0.9819	0.9975	261.5800	391.8255	0.2172	1.4686	0.6260	0.7799	5.6859	51.4523	0.0406	0.0300	0.4437	1.2123	
0.0469	0.7213	0.7870	0.9765	614.8200	804.7586	0.2795	1.9675	0.7099	0.7044	6.1170	87.6784	0.0405	0.0300	0.4272	1.1969	
0.0792	0.7677	0.5860	0.9604	797.0800	821.0580	0.0967	2.3144	0.7238	0.6900	5.4115	73.5888	0.0399	0.0300	0.3937	1.1692	
0.3797	0.9333	0.2363	0.8885	199.3000	247.3888	0.3649	2.0159	0.7686	0.6397	2.5093	15.3743	0.0368	0.0313	0.1850	3.1637	
0.2340	0.9243	0.3847	0.9362	110.6200	133.9380	0.6276	2.4396	0.6770	0.7360	3.6553	20.7690	0.0376	0.0311	0.0728	2.7930	
0.2324	0.9322	0.3685	0.9340	134.4800	160.0628	0.3163	2.0336	0.6639	0.7479	3.7629	22.0437	0.0399	0.0306	0.1320	2.5829	
0.2149	0.9491	0.4003	0.9265	213.6600	264.7901	0.2512	1.7012	0.7461	0.6658	3.2688	22.6410	0.0399	0.0301	0.3328	1.5820	
0.1048	0.8720	0.6224	0.9583	167.4800	234.2103	0.9041	2.9157	0.7368	0.6761	2.9352	16.3955	0.0419	0.0295	0.5507	1.3195	
0.2864	0.9416	0.3415	0.9106	165.7600	262.3765	1.5616	5.0108	0.7527	0.6584	4.4813	47.3648	0.0406	0.0384	5.4792	84.6988		
0.2786	0.9404	0.3682	0.9128	204.8400	298.7260	0.6655	2.3727	0.7577	0.6527	4.2424	44.9348	0.0392	0.0350	3.7900	62.4693	
0.2313	0.9475	0.3088	0.9147	153.7600	225.4040	0.3952	1.8170	0.7840	0.6207	3.6707	36.5225	0.0401	0.0343	3.4311	58.9420	
0.1608	0.9451	0.4775	0.9433	263.8800	404.8257	0.8077	2.2873	0.7355	0.6775	3.0685	17.2843	0.0394	0.0302	0.3266	1.3665	
0.1788	0.9486	0.4082	0.9303	147.0600	212.6545	1.0262	3.1025	0.7722	0.6354	4.0935	49.8046	0.0392	0.0308	0.4540	14.7401	
0.1885	0.9420	0.4232	0.9275	171.6000	227.4689	0.5861	2.1383	0.7609	0.6489	4.2877	51.7215	0.0398	0.0314	1.1596	26.7805	
0.1553	0.9501	0.4217	0.9386	138.7600	181.4201	0.4685	1.9276	0.7472	0.6647	4.8440	69.9379	0.0408	0.0298	0.4663	1.2327	
0.1581	0.9519	0.4260	0.9355	205.5800	270.9842	0.2393	1.7477	0.7758	0.6310	3.3388	31.5119	0.0396	0.0300	0.3821	1.1606	
0.1479	0.9463	0.4620	0.9434	483.9000	1006.8830	1.0227	2.5176	0.7367	0.6763	3.6776	27.4653	0.0402	0.0300	0.3823	1.3741	
0.1424	0.9398	0.5532	0.9532	214.2200	299.8558	0.8208	2.5142	0.7451	0.6669	2.8289	14.2647	0.0395	0.0302	0.3189	1.3877	
0.1740	0.9446	0.4074	0.9334	209.6200	261.5087	0.2571	1.6627	0.8037	0.5950	2.7313	22.7048	0.0385	0.0303	0.2651	1.3185	
0.1416	0.9482	0.4120	0.9439	291.4000	460.7582	0.6298	2.5714	0.7589	0.6512	3.2619	22.8815	0.0394	0.0301	0.3590	1.1432	
0.1346	0.9328	0.4963	0.9525	206.5200	285.2531	0.6534	2.0557	0.7189	0.6952	3.1441	17.3831	0.0388	0.0303	0.3197	1.1165	
0.1666	0.9441	0.3205	0.9284	365.8600	649.7344	0.6573	1.8970	0.8003	0.5996	2.7064	24.2574	0.0382	0.0301	0.2901	1.0977	
0.1937	0.9391	0.2696	0.9205	586.0000	1228.0711	0.8504	2.1285	0.7924	0.6101	3.3328	35.7884	0.0374	0.0302	0.2364	1.0691	
0.2003	0.9400	0.2360	0.9123	281.6800	440.4415	0.5252	2.5115	0.7990	0.6013	2.5804	21.8102	0.0375	0.0302	0.2470	1.0740	
0.1918	0.9338	0.2712	0.9206	309.3400	433.5945	0.4123	1.8189	0.7638	0.6455	2.5629	16.3655	0.0375	0.0302	0.2407	1.0709	
0.1882	0.9303	0.2555	0.9109	613.8200	1039.9781	0.8242	2.5911	0.7909	0.6119	3.2372	42.8760	0.0394	0.0305	0.4015	12.8703	
0.1839	0.9286	0.2905	0.9142	698.2400	994.7977	0.1984	1.5892	0.8055	0.5927	2.1276	19.7765	0.0390	0.0313	1.1390	25.9066	
0.1229	0.8174	0.4795	0.9438	227.6600	242.0162	0.3097	2.5577	0.7732	0.6342	1.7671	7.5111	0.0377	0.0304	0.2537	1.0787	
0.4553	0.9203	0.2120	0.8866	636.7000	779.0514	1.1119	5.0232	0.8130	0.5823	1.3845	6.3669	0.0419	0.0602	8.8178	117.0037	
0.3243	0.9334	0.2562	0.8885	378.3000	664.0628	0.4122	2.5977	0.7857	0.6186	2.5665	19.3416	0.0392	0.0514	8.0094	111.6639	
0.3652	0.8997	0.3318	0.9014	554.1200	879.2367	0.0943	2.5084	0.7451	0.6670	2.8231	16.2584	0.0406	0.0568	8.0530	102.7111		
0.3010	0.9283	0.3203	0.8984	1061.5200	1644.4773	0.2903	2.2517	0.7809	0.6246	2.5939	17.0191	0.0409	0.0577	8.1288	102.7997    	
0.2769	0.9255	0.3606	0.9050	1197.9000	1764.4571	0.2369	2.3177	0.7703	0.6377	2.5773	16.2264	0.0392	0.0503	6.8746	79.9884	
0.2698	0.9223	0.3495	0.9119	1562.6000	1681.1196	0.2511	1.6512	0.7693	0.6389	2.3211	11.3371	0.0388	0.0393	5.3986	78.6978	
0.2352	0.9223	0.4148	0.9197	1134.5200	1414.8761	0.4527	1.4407	0.7482	0.6635	2.6042	13.1932	0.0392	0.0314	0.7883	17.4513	
0.2468	0.9126	0.3744	0.9111	1388.7200	1738.7337	0.7182	4.3502	0.7686	0.6398	2.3241	11.1563	0.0405	0.0333	2.0917	33.9563	
0.2571	0.9097	0.3689	0.9079	1316.8400	1668.7769	1.1819	6.2372	0.7916	0.6111	1.9829	9.4316	0.0409	0.0425	8.2794	161.0136	
0.2303	0.9013	0.3933	0.9182	692.3400	910.8762	0.0645	1.5433	0.7508	0.6605	2.5211	11.7284	0.0419	0.0392	6.8321	131.7087	
0.1651	0.8757	0.2525	0.9299	87.0400	99.8826	1.4223	5.1997	0.7505	0.6609	2.6824	14.6081	0.0406	0.0298	0.4683	1.2350		
0.1369	0.7771	0.4071	0.9461	134.2800	180.1962	0.9810	3.8522	0.7835	0.6214	2.1105	11.2392	0.0284	0.0301	0.3817	1.1570	
0.2073	0.8019	0.2978	0.9208	309.2800	369.9954	0.2743	1.8221	0.7798	0.6260	2.1067	11.5215	0.0348	0.0304	0.0641	1.0165	
0.1488	0.8891	0.2544	0.9284	261.2600	288.4302	1.4725	7.7479	0.7716	0.6361	2.5024	18.1577	0.0412	0.0292	0.5121	1.2753	
0.1300	0.9115	0.2447	0.9366	186.3200	232.2458	0.0408	1.9255	0.8054	0.5928	1.6402	9.2667	0.0391	0.0299	0.3516	1.1364	
0.1505	0.8187	0.3338	0.9331	154.1800	191.6894	0.4998	2.4944	0.7733	0.6340	2.1624	11.7816	0.0458	0.0277	0.8890	1.8088		
0.1176	0.8785	0.3301	0.9500	374.6800	426.1742	0.1182	2.1304	0.8050	0.5933	1.7480	10.5230	0.0454	0.0280	0.8359	1.7166		
0.0892	0.9014	0.3388	0.9554	91.6400	106.1069	1.3363	5.9099	0.6887	0.7252	2.9536	14.6057	0.0421	0.0299	0.5706	1.3437	
0.0895	0.7309	0.5859	0.9552	121.2200	146.5397	0.4363	2.7999	0.6036	0.7974	4.5446	29.7620	0.0406	0.0298	0.4558	1.2228	
0.0814	0.8569	0.4866	0.9593	128.4000	157.4309	0.0762	1.6631	0.6671	0.7450	4.0506	27.6691	0.0434	0.0288	0.6823	1.4819	
0.0481	0.9028	0.4600	0.9760	331.1200	361.5649	0.6790	3.0615	0.6757	0.7372	4.9800	46.0438	0.0437	0.0287	0.6869	1.4880	
0.0637	0.8605	0.4835	0.9681	309.4000	344.7552	0.7602	2.6388	0.7125	0.7017	4.5059	37.6023	0.0448	0.0286	0.7689	1.6105	
0.4388	0.9253	0.1791	0.8411	88.4200	98.5628	0.2680	2.0535	0.8016	0.5979	1.8806	10.0241	0.0384	0.0439	5.5244	61.5812	
0.2158	0.8417	0.3810	0.9113	37.0000	39.2560	1.2310	3.8161	0.8235	0.5674	1.7446	10.5262	0.0371	0.0306	0.2278	1.0669	
0.0498	0.5476	0.8897	0.9818	80.2000	102.1268	1.4490	4.2603	0.7431	0.6695	2.4854	11.9457	0.0417	0.0298	0.5352	1.3037	
0.0897	0.8535	0.6882	0.9590	97.5800	106.7744	0.4258	1.8311	0.7703	0.6377	1.9788	8.5823	0.0403	0.0299	0.4400	1.2091		
0.0385	0.6395	0.8706	0.9828	199.4000	247.7566	0.4650	2.3060	0.6923	0.7217	2.7640	13.2042	0.0375	0.0306	0.2322	1.0683	
0.0043	0.5978	0.9850	0.9978	257.1600	318.3658	0.3557	2.1970	0.7374	0.6755	2.7789	16.3872	0.0405	0.0300	0.4403	1.2094	
0.0166	0.6065	0.9550	0.9935	525.2600	599.9360	0.0096	1.8595	0.6987	0.7154	3.2605	18.8000	0.0416	0.0295	0.5261	1.2925	
0.0146	0.5602	0.9630	0.9941	593.3000	782.9085	0.7639	4.3159	0.7275	0.6861	3.1482	20.4613	0.0417	0.0295	0.5393	1.3071	
0.0158	0.6412	0.9412	0.9921	824.8600	1033.8022	0.1767	1.8146	0.7453	0.6668	2.9946	19.7703	0.0412	0.0297	0.4900	1.2555	
0.0300	0.7518	0.8533	0.9850	578.5000	821.5919	0.8434	2.6706	0.7304	0.6830	3.6734	34.5552	0.0413	0.0298	0.4965	1.2622	
0.0249	0.6371	0.9072	0.9876	471.2000	716.2242	0.9138	2.6311	0.7667	0.6420	2.5299	17.7027	0.0419	0.0296	0.5395	1.3073	
0.0201	0.5503	0.9357	0.9900	407.4200	643.2169	1.0096	3.3960	0.7727	0.6348	2.7421	25.5027	0.0414	0.0298	0.4998	1.2653	
0.0103	0.4948	0.9694	0.9948	556.2600	790.5908	0.2728	1.3165	0.7654	0.6435	2.7331	24.7155	0.0421	0.0297	0.5441	1.3121		
0.0172	0.6754	0.9300	0.9914	819.2200	980.0367	0.3239	2.6625	0.7747	0.6323	2.8492	26.7643	0.0429	0.0295	0.5966	1.3721	
0.0108	0.5312	0.9666	0.9946	471.2200	849.1126	0.7281	2.4738	0.7311	0.6823	3.0031	18.8618	0.0426	0.0295	0.5899	1.3648	
0.0323	0.6768	0.8961	0.9871	142.4000	174.4381	0.4754	1.8162	0.7041	0.7101	2.3905	10.1478	0.0435	0.0292	0.6578	1.4505	
0.0160	0.1586	0.9653	0.9920	135.0400	185.0466	0.5988	2.1304	0.6962	0.7178	3.2583	18.6729	0.0426	0.0296	0.5904	1.3660	
0.0353	0.9277	0.4796	0.9824	27.5833	27.1740	1.1985	4.5800	0.7332	0.6802	1.9780	7.4170	0.0428	0.0299	0.6302	1.4162	
0.0523	0.8671	0.5569	0.9738	85.4600	105.4665	0.7236	2.2339	0.6212	0.7837	3.7360	20.3249	0.0415	0.0306	0.5037	1.2700	
0.0493	0.8477	0.6293	0.9753	158.8800	194.4546	2.2320	12.0831	0.7114	0.7031	2.7525	13.7051	0.0384	0.0307	0.2960	1.1032	
0.0700	0.7790	0.6189	0.9650	434.2000	450.4424	0.0430	1.7772	0.7762	0.6305	2.0678	13.2765	0.0354	0.0307	0.0760	1.0175	
0.0856	0.8265	0.4286	0.9572	1008.1600	1061.1605	0.6944	2.1609	0.7845	0.6201	1.6035	7.8600	0.0330	0.0306	0.0726	1.0169	
0.0978	0.8017	0.4184	0.9511	842.5400	887.1974	0.2702	1.9946	0.7921	0.6103	1.5517	8.2095	0.0337	0.0306	0.0267	1.0124